TTAA 12457 22222 99333 44444 55555 66666 75461 84561 45959
00000 94529 84561 75461 66666 55555 44444 33333 22222 11111
11111 22222 33333 44444 55555 66666 75461 84561 95465 45612
00000 95465 84561 75461 66666 55555 44444 33333 22222 11111
11111 22222 33333 44444 55555 66666 75461 84561 95465 88999
77999 44444 33333 22222 11111=

TTBB 11111 22222 33333 44444 55555 66666 75461 84561 95465
00000 95465 84561 75461 66666 55555 44444 33333 22222 11111
11111 22222 33333 44444 55555 66666 75461 84561 95465 45612
00000 95465 84561 75461 66666 55555 44444 33333 22222 11111
11111 22222 33333 44444 55555 66666 75461 84561 95465 45612
55555 44444 33333 22222 11111=

TTCC 11111 22222 33333 44444 55555 66666 75461 84561 95465
00000 95465 84561 75461 66666 55555 44444 33333 22222 11111
11111 22222 33333 44444 55555 66666 75461 84561 95465 45612
00000 95465 84561 75461 66666 55555 44444 33333 22222 11111
11111 22222 33333 44444 55555 66666 75461 84561 95465 45612
55555 44444 33333 22222 11111=